58.9885
30.7883
69.854
65.5826
55.1625
52.428
50.337
125.1893
55.4085
51.8806
53.386
44.089
15.247
5.1384
11.4323
16.5478
4.5886
6.4072
2.8161
4.8776
16.6243
5.06
9.4373
38.3327
6.3117
10.2362
5.4348
5.293
4.5541
8.374
40.5931
4.2646
4.886
7.9027
53.5259
3.3216
4.9463
7.1648
6.5995
41.8314
12.9765
7.8766
10.1866
7.1545
5.4512
38.2177
14.1615
5.8655
4.5695
5.6461
4.7503
54.2865
5.1741
5.0873
10.0648
12.1265
11.2916
6.678
4.7399
5.7062
4.8884
5.2609
6.4438
6.1011
4.6229
50.5894
6.5628
6.0709
10.9293
8.3864
5.3951
7.4343
4.6199
4.8601
39.9304
2.676
40.2166
4.5229
5.6412
5.7342
7.4233
3.2232
2.8265
4.9569
5.1346
11.525
5.6324
2.6209
5.7637
39.6458
6.0274
41.11
5.8103
7.38
38.7968
6.4767
37.1506
13.1945
4.5923
43.6881
4.9968
7.3701
47.4623
6.5679
2.5768
4.3447
37.4682
8.6217
5.7942
4.8827
6.7743
2.927
2.6876
6.2367
41.0576
4.8932
4.759
7.1556
6.5955
3.7427
54.7706
5.3166
4.8501
6.496
5.1414
38.8295
9.9082
5.1512
4.316
4.4317
5.8231
36.7619
4.5956
4.4535
10.5169
5.5523
5.3621
6.0737
5.6349
6.3446
6.9751
36.4463
4.5028
2.7641
8.344
4.6036
43.9094
2.5963
8.8263
5.3406
38.779
43.8856
9.8621
5.5339
4.6433
6.3592
4.5001
4.4361
42.6022
2.5531
8.1055
8.0552
5.6008
9.5563
7.0603
5.592
4.7422
13.6788
5.1442
5.5425
4.957
7.5806
5.9146
7.3637
6.5682
6.7698
15.4261
7.0192
3.6958
5.6242
6.5733
42.0498
5.5109
5.2438
40.4638
37.686
42.0348
7.6093
4.8488
6.3243
4.7337
5.3803
5.2373
4.644
51.7671
47.3419
5.889
7.0355
6.0568
4.8663
14.5375
6.1171
42.807
44.4607
5.2839
43.5892
6.2204
4.9685
4.5789
2.6455
2.7579
19.8797
6.1009
2.6672
2.9163
10.6694
8.0543
46.051
5.2898
4.9474
5.6185
44.7429
12.886
48.2322
5.5548
5.3529
8.831
4.755
4.6263
10.7889
8.7373
39.3411
7.0845
5.4763
8.6157
9.2569
6.9102
8.9307
9.0766
12.1609
6.1433
5.4534
5.9498
7.7482
6.4054
6.4884
7.3201
8.9267
39.6431
11.0462
5.8457
6.8272
39.3324
6.4568
4.6966
6.6831
41.2546
8.3133
5.7302
5.6814
41.986
5.4132
5.449
2.9106
4.9556
41.1495
8.0579
8.1992
5.0627
4.9596
11.6834
5.975
4.3149
4.7321
7.5152
46.2915
7.0554
5.0359
6.1113
9.5378
46.2617
4.7055
5.8968
39.0431
6.8735
5.4259
2.6668
6.8208
7.6008
4.9849
4.615
5.8058
41.5402
40.4739
5.4304
39.078
41.275
4.3346
52.1261
5.2558
5.3071
2.7634
6.5299
6.4896
43.9694
46.8832
40.5587
4.5477
4.8148
41.2573
6.3277
5.0295
6.1991
8.611
7.3483
2.9485
44.484
2.6716
5.3102
39.6949
37.6986
7.7768
6.3305
42.5577
7.9629
6.6635
6.0244
40.5984
16.0694
11.2417
40.036
42.0707
6.4741
5.4985
5.516
37.0858
4.7369
7.0731
9.6796
6.9151
40.7292
12.5874
4.5809
5.2529
2.7379
4.4726
10.3177
39.8553
12.9889
4.6276
4.388
4.3677
2.5542
42.7894
4.4405
2.5671
6.4546
6.2356
6.0201
37.8886
5.1391
4.3745
2.7326
6.3974
41.3002
4.6074
6.3056
17.0223
8.2774
3.8368
7.2224
6.5307
4.4152
40.04
2.6404
2.5763
9.8484
5.8388
40.1613
4.8081
2.6687
7.1411
5.9635
5.8249
2.6866
6.1296
4.4106
6.126
5.4835
6.1439
5.0324
12.4923
2.6645
6.4478
6.2294
5.013
7.3302
5.1258
8.5124
21.2169
14.3958
5.3796
5.963
2.6729
6.3742
6.2249
4.9792
12.1085
7.2471
5.3274
2.7025
7.1107
4.8408
45.5837
7.2879
8.0107
2.7013
6.5429
7.5886
2.7122
52.6229
6.5229
4.825
5.8175
4.4927
4.8647
8.7499
4.4499
5.854
7.0038
6.398
4.3588
9.7868
5.8976
8.3467
5.5568
2.6647
5.18
4.8503
7.2128
6.3237
39.0861
40.7029
45.5567
5.1007
2.6391
4.5253
8.3277
4.8534
4.3624
4.5433
3.3137
8.791
4.3968
8.4736
6.6878
5.6145
6.3345
9.927
5.7903
2.5837
5.3607
42.2234
2.5085
41.1714
8.8036
6.9617
39.5471
4.8727
58.7876
6.7867
3.7004
14.1501
8.8751
6.6384
7.706
4.4216
45.3216
4.8827
7.2694
4.5259
7.341
5.8233
8.608
4.9242
4.8099
38.4841
4.3139
8.5669
13.2067
5.1345
7.4292
7.8619
3.0544
38.0637
11.5395
3.0444
40.8698
8.2443
10.7643
5.9354
41.883
6.0663
4.9312
5.7792
5.2331
4.5841
5.646
3.3055
6.0043
3.0357
43.6096
38.1102
6.757
5.1783
11.1165
5.6412
43.6543
37.4141
6.2986
5.2245
17.9811
21.125
12.6482
9.8848
48.5931
6.3849
5.354
8.6519
11.5251
6.1986
8.054
8.2607
3.6372
9.0578
5.8116
13.0469
6.4846
58.1014
12.7798
11.2446
9.2473
59.0854
9.2839
18.8711
12.3966
47.353
18.1465
4.2249
6.4058
41.3489
43.9204
5.9664
13.7353
7.0372
6.6654
6.4546
47.3523
49.6414
43.0804
4.9952
6.9933
9.5169
8.036
10.9539
7.0465
11.4927
4.7859
7.0984
7.5566
8.2349
7.4659
7.7691
4.7225
36.4628
1.6848
5.5182
6.0735
7.1932
5.6321
6.047
34.7264
16.0962
7.347
6.0508
7.7287
40.4126
2.7001
7.4531
9.9415
12.881
4.4282
6.4094
10.6819
39.308
4.4211
4.6307
5.3993
5.3822
6.2165
44.0048
4.9782
2.6599
4.8484
6.462
7.8141
5.4043
5.4229
5.9976
6.7634
3.2728
8.9338
5.3728
45.2436
41.9079
8.3141
12.2021
42.3168
4.1302
13.2651
9.926
7.1236
4.9032
71.4645
8.1906
7.3365
5.0934
52.6101
40.554
6.7057
4.3494
4.2505
9.365
5.0807
46.103
8.8266
5.0153
4.2618
4.3677
6.7215
2.5892
3.6276
5.7901
14.7168
4.61
6.2247
4.5622
4.7179
3.9121
7.0641
2.5622
7.1527
2.7775
37.726
5.7674
2.6423
6.7186
27.097
5.9267
5.6272
5.55
6.547
5.9715
4.9717
5.4945
4.8354
4.4858
43.1013
6.2878
7.0117
7.9257
46.154
11.5567
4.8797
4.8918
8.9819
55.6267
15.9717
6.2506
5.9665
7.2468
5.095
4.4643
5.9901
8.3495
5.5315
5.2743
5.6432
5.1596
6.3576
54.6344
7.1536
7.2806
42.8356
5.8248
4.9822
6.5025
4.9559
8.0157
4.6989
44.0708
5.4185
38.917
5.7542
11.0378
4.7322
7.1606
12.5612
41.0048
4.6664
8.6795
41.5171
4.3998
6.1079
5.5322
5.9685
2.7849
4.6633
63.0026
6.6435
39.8537
5.4443
4.5011
4.4794
2.5711
2.6046
6.2659
7.6346
2.939
5.8437
6.3312
2.6303
41.3415
18.783
5.8589
5.7849
7.4214
7.2526
9.2961
7.9701
53.3953
41.858
20.8643
21.224
43.395
46.1612
18.1713
19.5251
20.5012
24.7041
28.8163
64.5733
21.1601
15.9247
16.22
17.7114
13.8361
18.5333
58.5892
64.4461
4.8995
5.3843
5.3534
23.2134
67.604
